Ea	KR
1	1
2	1.1
3	1.2
4	1.5
5	1.775
6	2
7	2.3
8	2.7
9	3.2
10	3.68
11	4.3
12	5
13	5.7
14	6.7
15	7.8
16	9
17	10.5
18	12.3
19	14.3
20	16.7
21	19.5
22	22.8
23	26.6
24	31.2
25	36.61
26	42.9
27	50.4
28	59.2
29	69.6
30	80.2
31	96.5
32	113.6
33	134
34	158.2
35	182.6
36	220.8
37	261.4
38	309.4
39	366.6
40	434.7
41	515.9
42	612.9
43	727.5
44	865.6
45	1030.4
46	1227.3
47	1462.8
48	1747.5
49	2080.9
50	2411.4
51	2968.7
52	3549
55	6085.7
60	15116.9
65	38019
70	96665
75	248083
80	641910.5
	
